1111 03 0000123 омола-поккапкоу-1    омола-поккапкоу-2    1 10 0017009303 ц22    омола пекатг         сыйяатоус                60 ахгма                04 03 2014 13442472 исвуос       40,0   0,9460 сумж: емтос ояиым             93,0     56,0     52,3    85      0,0      0,0      0,0 1,0000 0,0000    
1111 03 0000123 омола-поккапкоу-1    омола-поккапкоу-2    1 13 0019414701 ц22    омола пекатг         декбимоу-тфоулациас      82 ахгма                24 03 2014 00023122 исвуос       40,0   0,6540 сумж: хекеи диояхысг         244,0     60,0     60,0   135      0,0      0,0      0,0 1,0000 0,0000    
1111 03 0000123 омола-поккапкоу-1    омола-поккапкоу-2    1 13 0019414701 ц22    омола пекатг         декбимоу-тфоулациас      82 ахгма                04 03 2014 00023122 исвуос       40,0   0,8030 сумж: емтос ояиым            244,0     60,0    242,0   135      0,0      0,0      0,0 1,0000 0,0000    
1111 03 0000123 омола-поккапкоу-1    омола-поккапкоу-2    1 10 0022715702 ц22    омола пекатг         фгмымос                   4 ахгма                04 03 2014 13549760 исвуос       40,0   0,9390 сумж: емтос ояиым             68,0     24,0     45,6    85      0,0      0,0      0,0 1,0000 0,0000    
1111 03 0000123 омола-поккапкоу-1    омола-поккапкоу-2    1 10 0032735901 ц22    омола пекатг         намхиппоу-деимойяато        ахгма                06 03 2014 д9916523 исвуос        1,0   0,0000 сумж: дем екецветаи           47,1      0,0      1,0     0      0,0      0,0      0,0 0,0000 0,0000    
1111 03 0000123 омола-поккапкоу-1    омола-поккапкоу-2    1 61 0084931201 ц22    омола пекатг         лпуолпоукимас               ваидаяи              04 03 2014 13342844 исвуос       40,0   0,9840 сумж: емтос ояиым             85,0     28,0     26,1    85      0,0      0,0      0,0 1,0000 0,0000    
1111 03 0000123 омола-поккапкоу-1    омола-поккапкоу-2    1 11 0125636801 ц22    омола пекатг         к.йатсымг й иеяелиоу        ахгма                05 03 2014 00126459 исвуос        1,0   0,0000 сумж: дем екецветаи           30,0     10,5     10,5    35      0,0      0,0      0,0 0,0000 0,0000    
1111 03 0000123 омола-поккапкоу-1    омола-поккапкоу-2    1 11 0806267001 ц22    омола пекатг         иойастгс & алжицемеи        фыцяажоу             19 03 2014 00111958 исвуос       40,0   1,0000 сумж: емтос ояиым             72,0     36,0     34,8    85      0,0      0,0      0,0 1,0000 0,0000    
1111 03 0000123 омола-поккапкоу-1    омола-поккапкоу-2    1 11 0806549101 ц22    омола пекатг         ливакайопоукоу           32 ахгма                13 03 2014 д0190431 исвуос        1,0   0,0000 сумж: дем екецветаи           37,7      0,0      1,0    35      0,0      0,0      0,0 0,0000 0,0000    
1111 03 0000123 омола-поккапкоу-1    омола-поккапкоу-2    1 62 1770823502 ц22    омола пекатг         к.йатсымг-мауаяимоу         ац.амаяцуяои         05 03 2014 д0181265 исвуос        1,0   0,0000 сумж: дем екецветаи           34,0     18,1     17,5    35      0,0      0,0      0,0 0,0000 0,0000    
1111 03 0000123 омола-поккапкоу-1    омола-поккапкоу-2    1 63 1792380101 ц22    омола пекатг         теяла хяайолайедомым        аваямес              26 03 2014 00017332 исвуос       40,0   1,0000 сумж: емтос ояиым             94,0     56,0     56,0     0      0,0      0,0      0,0 1,0000 0,0000    
