2013 03 0000123 ﾏﾍﾏﾌﾁ-ﾐﾏﾋﾋﾁﾐﾋﾏﾕ-1    ﾏﾍﾏﾌﾁ-ﾐﾏﾋﾋﾁﾐﾋﾏﾕ-2  1 12 0014413201 0008921867 ﾃ21   ﾏﾍﾏﾌﾁ ﾐﾅﾋﾁﾔﾇ         ﾔﾑﾙﾙﾍ-ﾇﾑﾁﾉﾁﾓ                ﾁﾈﾇﾍﾁ                12 03 2014 ﾔ1814247 ﾂﾁﾓﾉﾊﾏ           0   49111     1 10032014 09012014         0         9,70         1,26     0,00         0,00       0,00       0,00     0,00     0,00         0,00        0,00       0,00       0,00      0,05         0,00         0,00         0,00         9,70         1,26         0,00         1,26       0,00      13,47       0,83        10,71        36,02        36,02 ﾅﾊﾊﾁﾈ       
2013 03 0000123 ﾏﾍﾏﾌﾁ-ﾐﾏﾋﾋﾁﾐﾋﾏﾕ-1    ﾏﾍﾏﾌﾁ-ﾐﾏﾋﾋﾁﾐﾋﾏﾕ-2  1 10 0017009303 0007718547 ﾃ22   ﾏﾍﾏﾌﾁ ﾐﾅﾋﾁﾔﾇ         ﾓﾙﾊﾑﾁﾔﾏﾕﾓ                60 ﾁﾈﾇﾍﾁ                04 03 2014 13442472 ﾂﾁﾓﾉﾊﾏ         275     121    40 01032014 01022014      6160       920,71       119,69     2,76         0,00       0,00       0,00     0,00     0,00         0,00      134,10      17,43      30,80      4,76         4,00         0,00         0,00       920,71       141,12         0,00       141,12       2,76     145,11       8,63         0,00      1387,99      1387,99 ﾅﾊﾊﾁﾈ       
2013 03 0000123 ﾏﾍﾏﾌﾁ-ﾐﾏﾋﾋﾁﾐﾋﾏﾕ-1    ﾏﾍﾏﾌﾁ-ﾐﾏﾋﾋﾁﾐﾋﾏﾕ-2  1 13 0019414701 0010396653 ﾃ22   ﾏﾍﾏﾌﾁ ﾐﾅﾋﾁﾔﾇ         ﾄﾅﾋﾂﾉﾍﾏﾕ-ﾔﾆﾏﾕﾌﾁﾃﾉﾁﾓ      82 ﾁﾈﾇﾍﾁ                24 03 2014 00023122 ﾂﾁﾓﾉﾊﾏ      101696  101292    40 24032014 22022014     16160      2314,53       300,89     2,96         0,00       0,00       0,00     0,00     0,00         0,00      351,80      45,73      80,80     11,98        10,50         0,00         0,00      2314,53       357,12         0,00       357,12       2,96       9,08       0,00         0,00      3128,27      3128,27 ﾅﾊﾊﾁﾈ       
2013 03 0000123 ﾏﾍﾏﾌﾁ-ﾐﾏﾋﾋﾁﾐﾋﾏﾕ-1    ﾏﾍﾏﾌﾁ-ﾐﾏﾋﾋﾁﾐﾋﾏﾕ-2  1 13 0019414701 0007718604 ﾃ22   ﾏﾍﾏﾌﾁ ﾐﾅﾋﾁﾔﾇ         ﾄﾅﾋﾂﾉﾍﾏﾕ-ﾔﾆﾏﾕﾌﾁﾃﾉﾁﾓ      82 ﾁﾈﾇﾍﾁ                04 03 2014 00023122 ﾂﾁﾓﾉﾊﾏ      101292   98344    40 22022014 24102013    117920     15705,68      2041,74     5,13    -32775,77  -29002,75   -3770,36    -2,66     0,00         0,00    -2561,89    -333,04    -588,40    -69,42       -76,49         0,00         0,00    -13297,07     -2138,15         0,00     -2138,15       2,47       7,57       0,00         0,00    -18644,89    -18644,89 ﾅﾊﾊﾁﾈ       
2013 03 0000123 ﾏﾍﾏﾌﾁ-ﾐﾏﾋﾋﾁﾐﾋﾏﾕ-1    ﾏﾍﾏﾌﾁ-ﾐﾏﾋﾋﾁﾐﾋﾏﾕ-2  1 10 0022692102 0007919114 ﾃ21   ﾏﾍﾏﾌﾁ ﾐﾅﾋﾁﾔﾇ         ﾆﾇﾍﾙﾍﾏﾓ                   4 ﾁﾈﾇﾍﾁ                05 03 2014 ﾌ3700979 ﾂﾁﾓﾉﾊﾏ       23492   22239     1 04032014 04112013      1253       195,57        25,42     6,12      -110,67     -97,94     -12,73     0,00     0,00         0,00       27,28       3,55       6,27      1,01         0,82         0,00         0,00        97,63        17,06         0,00        17,06       6,12      85,60       5,09        63,75       309,81       309,81 ﾅﾊﾊﾁﾈ       
2013 03 0000123 ﾏﾍﾏﾌﾁ-ﾐﾏﾋﾋﾁﾐﾋﾏﾕ-1    ﾏﾍﾏﾌﾁ-ﾐﾏﾋﾋﾁﾐﾋﾏﾕ-2  1 10 0022715702 0007718554 ﾃ22   ﾏﾍﾏﾌﾁ ﾐﾅﾋﾁﾔﾇ         ﾆﾇﾍﾙﾍﾏﾓ                   4 ﾁﾈﾇﾍﾁ                04 03 2014 13549760 ﾂﾁﾓﾉﾊﾏ          78       0    40 01032014 03012014      4040       671,64        87,31     5,62     -4534,78   -4010,73    -521,39    -2,66     0,00         0,00       87,95      11,43      20,20      3,46         2,63         0,00         0,00     -3339,09      -420,02         0,00      -420,02       2,96       0,00       0,00         0,00     -3644,54     -3644,54 ﾅﾊﾊﾁﾈ       
2013 03 0000123 ﾏﾍﾏﾌﾁ-ﾐﾏﾋﾋﾁﾐﾋﾏﾕ-1    ﾏﾍﾏﾌﾁ-ﾐﾏﾋﾋﾁﾐﾋﾏﾕ-2  1 10 0032735901 0008112512 ﾃ22   ﾏﾍﾏﾌﾁ ﾐﾅﾋﾁﾔﾇ         ﾎﾁﾍﾈﾉﾐﾐﾏﾕ-ﾄﾅﾉﾍﾏﾊﾑﾁﾔﾏ        ﾁﾈﾇﾍﾁ                06 03 2014 ﾄ9916523 ﾂﾁﾓﾉﾊﾏ       51663   51663     1 06032014 05022014         0        16,03         2,09     2,86         0,00       0,00       0,00     0,00     0,00         0,00        0,00       0,00       0,00      0,08         0,00         0,00         0,00        16,03         2,09         0,00         2,09       2,86       0,00       0,00         0,00        21,06        21,06 ﾅﾊﾊﾁﾈ       
2013 03 0000123 ﾏﾍﾏﾌﾁ-ﾐﾏﾋﾋﾁﾐﾋﾏﾕ-1    ﾏﾍﾏﾌﾁ-ﾐﾏﾋﾋﾁﾐﾋﾏﾕ-2  1 61 0084931201 0007718635 ﾃ22   ﾏﾍﾏﾌﾁ ﾐﾅﾋﾁﾔﾇ         ﾌﾐﾕﾏﾌﾐﾏﾕﾋﾉﾍﾁﾓ               ﾗﾁﾉﾄﾁﾑﾉ              04 03 2014 13342844 ﾂﾁﾓﾉﾊﾏ        1080     792    40 01032014 01022014     11520      1507,94       196,03     0,00         0,00       0,00       0,00     0,00     0,00         0,00      250,79      32,60      57,60      7,83         7,49         0,00         0,00      1507,94       236,12         0,00       236,12       0,00       0,00       0,00         0,00      2060,28      2060,28 ﾅﾊﾊﾁﾈ       
2013 03 0000123 ﾏﾍﾏﾌﾁ-ﾐﾏﾋﾋﾁﾐﾋﾏﾕ-1    ﾏﾍﾏﾌﾁ-ﾐﾏﾋﾋﾁﾐﾋﾏﾕ-2  1 10 0117014301 0009517003 ﾃ21   ﾏﾍﾏﾌﾁ ﾐﾅﾋﾁﾔﾇ         ﾁﾈﾇﾍﾁﾓ                   58 ﾁﾈﾇﾍﾁ                17 03 2014 ﾁﾁ145918 ﾂﾁﾓﾉﾊﾏ       60448   58930     1 17032014 20012014      1518       236,72        30,77     5,52         0,00       0,00       0,00     0,00     0,00         0,00        0,00       0,00       0,00      0,00         0,00         0,00         0,00       236,72        30,77         0,00        30,77       5,52      94,30       6,96        96,39       470,66       470,66 ﾅﾍﾁﾍﾔ       
2013 03 0000123 ﾏﾍﾏﾌﾁ-ﾐﾏﾋﾋﾁﾐﾋﾏﾕ-1    ﾏﾍﾏﾌﾁ-ﾐﾏﾋﾋﾁﾐﾋﾏﾕ-2  1 10 0117015101 0009517002 ﾃ21   ﾏﾍﾏﾌﾁ ﾐﾅﾋﾁﾔﾇ         ﾁﾈﾇﾍﾁﾓ                   58 ﾁﾈﾇﾍﾁ                17 03 2014 43836022 ﾂﾁﾓﾉﾊﾏ       60008   59908     1 17032014 20012014       100        18,56         2,41     5,52         0,00       0,00       0,00     0,00     0,00         0,00        0,00       0,00       0,00      0,00         0,00         0,00         0,00        18,56         2,41         0,00         2,41       5,52      14,67       1,08        15,01        57,25        57,25 ﾅﾍﾁﾍﾔ       
2013 03 0000123 ﾏﾍﾏﾌﾁ-ﾐﾏﾋﾋﾁﾐﾋﾏﾕ-1    ﾏﾍﾏﾌﾁ-ﾐﾏﾋﾋﾁﾐﾋﾏﾕ-2  1 11 0125636801 0007919123 ﾃ22   ﾏﾍﾏﾌﾁ ﾐﾅﾋﾁﾔﾇ         ﾋ.ﾊﾁﾔﾓﾙﾍﾇ ﾊ ﾉﾅﾑﾅﾌﾉﾏﾕ        ﾁﾈﾇﾍﾁ                05 03 2014 00126459 ﾂﾁﾓﾉﾊﾏ       52420   49631     1 05032014 03022014      2789       384,80        50,02     0,00         0,00       0,00       0,00     0,00     0,00         0,00       60,72       7,89      13,95      1,99         1,81         0,00         0,00       384,80        59,72         0,00        59,72       0,00       8,42       0,00         0,00       529,60       529,60 ﾅﾊﾊﾁﾈ       
2013 03 0000123 ﾏﾍﾏﾌﾁ-ﾐﾏﾋﾋﾁﾐﾋﾏﾕ-1    ﾏﾍﾏﾌﾁ-ﾐﾏﾋﾋﾁﾐﾋﾏﾕ-2  1 61 0702756801 0010506235 ﾃ21   ﾏﾍﾏﾌﾁ ﾐﾅﾋﾁﾔﾇ         ﾁﾈﾁﾍ.ﾄﾉﾁﾊﾏﾕ-ﾌﾉﾁﾏﾕﾋﾇ         ﾗﾁﾉﾄﾁﾑﾉ              26 03 2014 00847536 ﾂﾁﾓﾉﾊﾏ       91311   90944     1 26032014 27012014       367        61,06         7,94     5,72         0,00       0,00       0,00     0,00     0,00         0,00        7,99       1,04       1,84      0,31         0,24         0,00         0,00        61,06         9,22         0,00         9,22       5,72       0,00       0,00         0,00        86,14        86,14 ﾅﾊﾊﾁﾈ       
2013 03 0000123 ﾏﾍﾏﾌﾁ-ﾐﾏﾋﾋﾁﾐﾋﾏﾕ-1    ﾏﾍﾏﾌﾁ-ﾐﾏﾋﾋﾁﾐﾋﾏﾕ-2  1 63 0709486801 0007718673 ﾃ21   ﾏﾍﾏﾌﾁ ﾐﾅﾋﾁﾔﾇ         ﾃﾊﾁﾔﾆﾁﾍﾁ                    ﾁﾗﾁﾑﾍﾅﾓ              04 03 2014 43824443 ﾂﾁﾓﾉﾊﾏ       69339   60049     1 28022014 01112013      9290      1400,88       182,12     5,72      -766,96    -678,73     -88,23     0,00     0,00         0,00      202,24      26,29      46,45      7,24         6,04         0,00         0,00       722,15       126,22         0,00       126,22       5,72       0,00       0,00         0,00      1110,02      1110,02 ﾅﾊﾊﾁﾈ       
2013 03 0000123 ﾏﾍﾏﾌﾁ-ﾐﾏﾋﾋﾁﾐﾋﾏﾕ-1    ﾏﾍﾏﾌﾁ-ﾐﾏﾋﾋﾁﾐﾋﾏﾕ-2  1 61 0710935501 0010506237 ﾃ21   ﾏﾍﾏﾌﾁ ﾐﾅﾋﾁﾔﾇ         ﾁﾍﾈﾅﾙﾍ-ﾓﾐﾁﾑﾔﾇﾓ              ﾗﾁﾉﾄﾁﾑﾉ              26 03 2014 43800457 ﾂﾁﾓﾉﾊﾏ       58710   55694     1 26032014 27012014      3016       461,71        60,02     5,72         0,00       0,00       0,00     0,00     0,00         0,00       65,66       8,54      15,08      2,38         1,96         0,00         0,00       461,71        70,52         0,00        70,52       5,72       0,00       0,00         0,00       621,07       621,07 ﾅﾊﾊﾁﾈ       
2013 03 0000123 ﾏﾍﾏﾌﾁ-ﾐﾏﾋﾋﾁﾐﾋﾏﾕ-1    ﾏﾍﾏﾌﾁ-ﾐﾏﾋﾋﾁﾐﾋﾏﾕ-2  1 61 0711053901 0010506234 ﾃ21   ﾏﾍﾏﾌﾁ ﾐﾅﾋﾁﾔﾇ         ﾁﾈ.ﾄﾉﾁﾊﾏﾕ-ﾌﾉﾁﾏﾕﾋﾇ        57 ﾁﾃ.ﾂﾁﾑﾂﾁﾑﾁ           26 03 2014 45894136 ﾂﾁﾓﾉﾊﾏ       80285   76054     1 26032014 27012014      4231       640,59        83,28     5,72         0,00       0,00       0,00     0,00     0,00         0,00       92,11      11,97      21,16      3,31         2,75         0,00         0,00       640,59        98,00         0,00        98,00       5,72       0,00       0,00         0,00       860,89       860,89 ﾅﾊﾊﾁﾈ       
2013 03 0000123 ﾏﾍﾏﾌﾁ-ﾐﾏﾋﾋﾁﾐﾋﾏﾕ-1    ﾏﾍﾏﾌﾁ-ﾐﾏﾋﾋﾁﾐﾋﾏﾕ-2  1 63 0714891501 0010846659 ﾃ21   ﾏﾍﾏﾌﾁ ﾐﾅﾋﾁﾔﾇ         ﾗﾙﾑﾉﾓ ﾏﾄﾏ                   ﾁﾗﾁﾑﾍﾅﾓ              28 03 2014 50399338 ﾂﾁﾓﾉﾊﾏ        5396    5396     1 27032014 24022014         0         1,98         0,26     0,00         0,00       0,00       0,00     0,00     0,00         0,00        0,00       0,00       0,00      0,01         0,00         0,00         0,00         1,98         0,26         0,00         0,26       0,00       0,27       0,00         0,00         2,52         2,52 ﾅﾊﾊﾁﾈ       
2013 03 0000123 ﾏﾍﾏﾌﾁ-ﾐﾏﾋﾋﾁﾐﾋﾏﾕ-1    ﾏﾍﾏﾌﾁ-ﾐﾏﾋﾋﾁﾐﾋﾏﾕ-2  1 61 0716188701 0010506238 ﾃ21   ﾏﾍﾏﾌﾁ ﾐﾅﾋﾁﾔﾇ         ﾔﾅﾑﾌﾁ ﾂﾏﾕﾋﾃﾁﾑﾏﾊﾔﾏﾍﾏﾕ        ﾗﾁﾉﾄﾁﾑﾉ              26 03 2014 02075172 ﾂﾁﾓﾉﾊﾏ        6178    6178     1 26032014 27012014         0         3,69         0,48     0,00         0,00       0,00       0,00     0,00     0,00         0,00        0,00       0,00       0,00      0,02         0,00         0,00         0,00         3,69         0,48         0,00         0,48       0,00       0,00       0,00         0,00         4,19         4,19 ﾅﾊﾊﾁﾈ       
2013 03 0000123 ﾏﾍﾏﾌﾁ-ﾐﾏﾋﾋﾁﾐﾋﾏﾕ-1    ﾏﾍﾏﾌﾁ-ﾐﾏﾋﾋﾁﾐﾋﾏﾕ-2  1 63 0716924201 0007718674 ﾃ22   ﾏﾍﾏﾌﾁ ﾐﾅﾋﾁﾔﾇ         ﾃﾊﾁﾔﾆﾁﾍﾁ                    ﾁﾗﾁﾑﾍﾅﾓ              04 03 2014 ﾔ1102380 ﾂﾁﾓﾉﾊﾏ       51997   39325     1 28022014 01112013     12672      1862,23       242,09     5,72      -911,90    -806,99    -104,91     0,00     0,00         0,00      275,87      35,86      63,36      9,63         8,24         0,00         0,00      1055,24       181,28         0,00       181,28       5,72       0,51       0,00         0,00      1591,61      1591,61 ﾅﾊﾊﾁﾈ       
2013 03 0000123 ﾏﾍﾏﾌﾁ-ﾐﾏﾋﾋﾁﾐﾋﾏﾕ-1    ﾏﾍﾏﾌﾁ-ﾐﾏﾋﾋﾁﾐﾋﾏﾕ-2  1 61 0720250101 0010506236 ﾃ21   ﾏﾍﾏﾌﾁ ﾐﾅﾋﾁﾔﾇ         ﾋ.ﾁﾈﾇﾍﾙﾍ -ﾂﾑﾁﾗﾅﾉﾁﾓ          ﾗﾁﾉﾄﾁﾑﾉ              26 03 2014 00069150 ﾂﾁﾓﾉﾊﾏ       13650   13572     1 26032014 27012014        78        15,38         2,00     0,00         0,00       0,00       0,00     0,00     0,00         0,00        1,70       0,22       0,39      0,08         0,05         0,00         0,00        15,38         2,27         0,00         2,27       0,00       0,00       0,00         0,00        19,82        19,82 ﾅﾊﾊﾁﾈ       
2013 03 0000123 ﾏﾍﾏﾌﾁ-ﾐﾏﾋﾋﾁﾐﾋﾏﾕ-1    ﾏﾍﾏﾌﾁ-ﾐﾏﾋﾋﾁﾐﾋﾏﾕ-2  1 11 0806267001 0009904807 ﾃ22   ﾏﾍﾏﾌﾁ ﾐﾅﾋﾁﾔﾇ         ﾉﾏﾊﾁﾓﾔﾇﾓ & ﾁﾌﾖﾉﾃﾅﾍﾅﾉ        ﾆﾙﾃﾑﾁﾖﾏﾕ             19 03 2014 00111958 ﾂﾁﾓﾉﾊﾏ       66270   65910    40 19032014 18022014     14400      1880,77       244,50     2,86         0,00       0,00       0,00     0,00     0,00         0,00      313,49      40,75      72,00      9,76         9,36         0,00         0,00      1880,77       294,61         0,00       294,61       2,86       4,51       0,00         0,00      2578,00      2578,00 ﾅﾊﾊﾁﾈ       
2013 03 0000123 ﾏﾍﾏﾌﾁ-ﾐﾏﾋﾋﾁﾐﾋﾏﾕ-1    ﾏﾍﾏﾌﾁ-ﾐﾏﾋﾋﾁﾐﾋﾏﾕ-2  1 11 0806549101 0009121165 ﾃ22   ﾏﾍﾏﾌﾁ ﾐﾅﾋﾁﾔﾇ         ﾌﾉﾗﾁﾋﾁﾊﾏﾐﾏﾕﾋﾏﾕ           32 ﾁﾈﾇﾍﾁ                13 03 2014 ﾄ0190431 ﾂﾁﾓﾉﾊﾏ       96402   81623     1 12032014 11122013     14779      1873,46       243,55     6,90      -898,43    -792,63    -103,04    -2,76     0,00         0,00      321,74      41,83      73,90      9,74         9,61         0,00         0,00      1080,83       191,95         0,00       191,95       4,14     466,97       0,00         0,00      2149,27      2149,27 ﾅﾊﾊﾁﾈ       
2013 03 0000123 ﾏﾍﾏﾌﾁ-ﾐﾏﾋﾋﾁﾐﾋﾏﾕ-1    ﾏﾍﾏﾌﾁ-ﾐﾏﾋﾋﾁﾐﾋﾏﾕ-2  1 62 1770823502 0007919174 ﾃ22   ﾏﾍﾏﾌﾁ ﾐﾅﾋﾁﾔﾇ         ﾋ.ﾊﾁﾔﾓﾙﾍﾇ-ﾍﾁﾕﾁﾑﾉﾍﾏﾕ         ﾁﾃ.ﾁﾍﾁﾑﾃﾕﾑﾏﾉ         05 03 2014 ﾄ0181265 ﾂﾁﾓﾉﾊﾏ       44097   40735     1 04032014 03022014      3362       473,61        61,57     0,00         0,00       0,00       0,00     0,00     0,00         0,00       73,19       9,51      16,81      2,45         2,19         0,00         0,00       473,61        73,27         0,00        73,27       0,00      46,10       3,82         0,00       689,25       689,25 ﾅﾊﾊﾁﾈ       
2013 03 0000123 ﾏﾍﾏﾌﾁ-ﾐﾏﾋﾋﾁﾐﾋﾏﾕ-1    ﾏﾍﾏﾌﾁ-ﾐﾏﾋﾋﾁﾐﾋﾏﾕ-2  1 63 1792380101 0010506251 ﾃ22   ﾏﾍﾏﾌﾁ ﾐﾅﾋﾁﾔﾇ         ﾔﾅﾑﾌﾁ ﾈﾑﾁﾊﾏﾌﾁﾊﾅﾄﾏﾍﾙﾍ        ﾁﾗﾁﾑﾍﾅﾓ              26 03 2014 00017332 ﾂﾁﾓﾉﾊﾏ       41567   41163    40 23032014 21022014     16160      2168,43       281,89     2,96         0,00       0,00       0,00     0,00     0,00         0,00      351,80      45,73      80,80     11,25        10,50         0,00         0,00      2168,43       338,12         0,00       338,12       2,96     372,31       5,14         0,00      3330,81      3330,81 ﾅﾊﾊﾁﾈ       
